OFF
396 360 756
228 439 0
 224.536 439 39.5917
 214.25 439 77.9804
 197.454 439 114
 174.658 439 146.555
 146.556 439 174.658
 114.001 439 197.453
 77.9814 439 214.25
 39.5928 439 224.536
 0 439 228
 -39.5905 439 224.536
 -77.9793 439 214.25
 -113.999 439 197.455
 -146.554 439 174.659
 -174.657 439 146.557
 -197.453 439 114.002
 -214.249 439 77.9825
 -224.536 439 39.5939
 -228 439 0
 -224.537 439 -39.5894
 -214.251 439 -77.9782
 -197.455 439 -113.998
 -174.66 439 -146.553
 -146.558 439 -174.656
 -114.003 439 -197.452
 -77.9836 439 -214.249
 -39.595 439 -224.536
 0 439 -228
 39.5883 439 -224.537
 77.9771 439 -214.251
 113.997 439 -197.456
 146.553 439 -174.661
 174.656 439 -146.559
 197.452 439 -114.004
 214.248 439 -77.9846
 224.535 439 -39.5962
 273.12 447.086 0
 268.971 447.086 47.4266
 256.649 447.086 93.4123
 236.529 447.086 136.56
 209.222 447.086 175.558
 175.559 447.086 209.222
 136.561 447.086 236.528
 93.4135 447.086 256.648
 47.428 447.086 268.97
 0 447.086 273.12
 -47.4253 447.086 268.971
 -93.411 447.086 256.649
 -136.558 447.086 236.53
 -175.557 447.086 209.223
 -209.221 447.086 175.56
 -236.528 447.086 136.562
 -256.648 447.086 93.4148
 -268.97 447.086 47.4293
 -273.12 447.086 0
 -268.971 447.086 -47.424
 -256.65 447.086 -93.4097
 -236.53 447.086 -136.557
 -209.224 447.086 -175.556
 -175.561 447.086 -209.22
 -136.563 447.086 -236.527
 -93.4161 447.086 -256.648
 -47.4307 447.086 -268.97
 0 447.086 -273.12
 47.4226 447.086 -268.971
 93.4084 447.086 -256.65
 136.556 447.086 -236.531
 175.555 447.086 -209.225
 209.219 447.086 -175.562
 236.526 447.086 -136.564
 256.647 447.086 -93.4174
 268.97 447.086 -47.432
 313.56 445.008 0
 308.796 445.008 54.449
 294.65 445.008 107.244
 271.551 445.008 156.78
 240.201 445.008 201.552
 201.553 445.008 240.2
 156.781 445.008 271.55
 107.245 445.008 294.65
 54.4505 445.008 308.796
 0 445.008 313.56
 -54.4474 445.008 308.797
 -107.242 445.008 294.651
 -156.778 445.008 271.552
 -201.551 445.008 240.202
 -240.199 445.008 201.554
 -271.55 445.008 156.782
 -294.649 445.008 107.246
 -308.796 445.008 54.452
 -313.56 445.008 0
 -308.797 445.008 -54.4459
 -294.651 445.008 -107.241
 -271.553 445.008 -156.777
 -240.203 445.008 -201.55
 -201.556 445.008 -240.198
 -156.784 445.008 -271.549
 -107.248 445.008 -294.649
 -54.4536 445.008 -308.796
 0 445.008 -313.56
 54.4443 445.008 -308.797
 107.239 445.008 -294.652
 156.775 445.008 -271.554
 201.548 445.008 -240.204
 240.197 445.008 -201.557
 271.548 445.008 -156.785
 294.648 445.008 -107.249
 308.795 445.008 -54.4551
 348.24 433.762 0
 342.949 433.762 60.4711
 327.239 433.762 119.105
 301.585 433.762 174.119
 266.768 433.762 223.844
 223.845 433.762 266.767
 174.121 433.762 301.584
 119.106 433.762 327.238
 60.4728 433.762 342.949
 0 433.762 348.24
 -60.4693 433.762 342.95
 -119.103 433.762 327.239
 -174.118 433.762 301.586
 -223.842 433.762 266.769
 -266.766 433.762 223.846
 -301.583 433.762 174.123
 -327.237 433.762 119.108
 -342.949 433.762 60.4745
 -348.24 433.762 0
 -342.95 433.762 -60.4676
 -327.24 433.762 -119.101
 -301.587 433.762 -174.116
 -266.77 433.762 -223.841
 -223.848 433.762 -266.764
 -174.124 433.762 -301.582
 -119.11 433.762 -327.237
 -60.4762 433.762 -342.949
 0 433.762 -348.24
 60.4659 433.762 -342.95
 119.1 433.762 -327.24
 174.115 433.762 -301.588
 223.84 433.762 -266.771
 266.763 433.762 -223.849
 301.581 433.762 -174.126
 327.236 433.762 -119.111
 342.948 433.762 -60.4779
 376.08 414.344 0
 370.367 414.344 65.3054
 353.4 414.344 128.627
 325.695 414.344 188.039
 288.095 414.344 241.739
 241.74 414.344 288.093
 188.041 414.344 325.694
 128.628 414.344 353.399
 65.3073 414.344 370.366
 0 414.344 376.08
 -65.3035 414.344 370.367
 -128.625 414.344 353.4
 -188.038 414.344 325.696
 -241.737 414.344 288.096
 -288.092 414.344 241.742
 -325.693 414.344 188.043
 -353.398 414.344 128.63
 -370.366 414.344 65.3091
 -376.08 414.344 0
 -370.367 414.344 -65.3017
 -353.401 414.344 -128.623
 -325.697 414.344 -188.036
 -288.097 414.344 -241.736
 -241.743 414.344 -288.091
 -188.044 414.344 -325.692
 -128.632 414.344 -353.398
 -65.311 414.344 -370.366
 0 414.344 -376.08
 65.2998 414.344 -370.368
 128.621 414.344 -353.402
 188.035 414.344 -325.698
 241.735 414.344 -288.098
 288.09 414.344 -241.745
 325.691 414.344 -188.046
 353.397 414.344 -128.634
 370.365 414.344 -65.3128
 396 387.75 0
 389.984 387.75 68.7645
 372.118 387.75 135.44
 342.946 387.75 197.999
 303.354 387.75 254.543
 254.545 387.75 303.353
 198.001 387.75 342.945
 135.441 387.75 372.118
 68.7664 387.75 389.984
 0 387.75 396
 -68.7625 387.75 389.984
 -135.438 387.75 372.119
 -197.998 387.75 342.947
 -254.542 387.75 303.355
 -303.352 387.75 254.546
 -342.944 387.75 198.003
 -372.117 387.75 135.443
 -389.983 387.75 68.7684
 -396 387.75 0
 -389.985 387.75 -68.7606
 -372.12 387.75 -135.436
 -342.948 387.75 -197.996
 -303.357 387.75 -254.54
 -254.548 387.75 -303.35
 -198.005 387.75 -342.943
 -135.445 387.75 -372.116
 -68.7703 387.75 -389.983
 0 387.75 -396
 68.7586 387.75 -389.985
 135.434 387.75 -372.12
 197.994 387.75 -342.949
 254.539 387.75 -303.358
 303.349 387.75 -254.549
 342.942 387.75 -198.006
 372.116 387.75 -135.447
 389.983 387.75 -68.7723
 406.92 354.976 0
 400.738 354.976 70.6607
 382.38 354.976 139.174
 352.403 354.976 203.459
 311.719 354.976 261.562
 261.564 354.976 311.718
 203.461 354.976 352.402
 139.176 354.976 382.379
 70.6627 354.976 400.738
 0 354.976 406.92
 -70.6587 354.976 400.738
 -139.172 354.976 382.381
 -203.458 354.976 352.404
 -261.561 354.976 311.721
 -311.717 354.976 261.566
 -352.401 354.976 203.463
 -382.378 354.976 139.178
 -400.737 354.976 70.6647
 -406.92 354.976 0
 -400.739 354.976 -70.6567
 -382.381 354.976 -139.171
 -352.405 354.976 -203.456
 -311.722 354.976 -261.559
 -261.567 354.976 -311.715
 -203.465 354.976 -352.4
 -139.18 354.976 -382.378
 -70.6667 354.976 -400.737
 0 354.976 -406.92
 70.6547 354.976 -400.739
 139.169 354.976 -382.382
 203.454 354.976 -352.406
 261.558 354.976 -311.723
 311.714 354.976 -261.569
 352.399 354.976 -203.466
 382.377 354.976 -139.182
 400.737 354.976 -70.6687
 407.76 317.018 0
 401.565 317.018 70.8066
 383.169 317.018 139.462
 353.131 317.018 203.879
 312.363 317.018 262.102
 262.104 317.018 312.362
 203.881 317.018 353.13
 139.464 317.018 383.169
 70.8086 317.018 401.565
 0 317.018 407.76
 -70.8045 317.018 401.566
 -139.46 317.018 383.17
 -203.878 317.018 353.132
 -262.101 317.018 312.364
 -312.36 317.018 262.106
 -353.129 317.018 203.883
 -383.168 317.018 139.466
 -401.565 317.018 70.8106
 -407.76 317.018 0
 -401.566 317.018 -70.8025
 -383.171 317.018 -139.458
 -353.133 317.018 -203.876
 -312.365 317.018 -262.099
 -262.107 317.018 -312.359
 -203.885 317.018 -353.128
 -139.467 317.018 -383.167
 -70.8126 317.018 -401.564
 0 317.018 -407.76
 70.8005 317.018 -401.566
 139.456 317.018 -383.171
 203.874 317.018 -353.134
 262.098 317.018 -312.367
 312.358 317.018 -262.109
 353.127 317.018 -203.886
 383.166 317.018 -139.469
 401.564 317.018 -70.8146
 397.44 274.872 0
 391.402 274.872 69.0145
 373.472 274.872 135.932
 344.193 274.872 198.719
 304.457 274.872 255.469
 255.47 274.872 304.456
 198.721 274.872 344.192
 135.934 274.872 373.471
 69.0165 274.872 391.402
 0 274.872 397.44
 -69.0126 274.872 391.402
 -135.93 274.872 373.472
 -198.718 274.872 344.194
 -255.467 274.872 304.459
 -304.455 274.872 255.472
 -344.191 274.872 198.723
 -373.47 274.872 135.936
 -391.401 274.872 69.0184
 -397.44 274.872 0
 -391.403 274.872 -69.0106
 -373.473 274.872 -135.928
 -344.195 274.872 -198.716
 -304.46 274.872 -255.466
 -255.473 274.872 -304.453
 -198.725 274.872 -344.19
 -135.938 274.872 -373.47
 -69.0204 274.872 -391.401
 0 274.872 -397.44
 69.0086 274.872 -391.403
 135.926 274.872 -373.474
 198.714 274.872 -344.196
 255.464 274.872 -304.461
 304.452 274.872 -255.475
 344.189 274.872 -198.726
 373.469 274.872 -135.94
 391.401 274.872 -69.0223
 374.88 229.534 0
 369.185 229.534 65.097
 352.272 229.534 128.216
 324.656 229.534 187.439
 287.175 229.534 240.968
 240.969 229.534 287.174
 187.441 229.534 324.655
 128.218 229.534 352.271
 65.0989 229.534 369.184
 0 229.534 374.88
 -65.0952 229.534 369.185
 -128.214 229.534 352.273
 -187.438 229.534 324.657
 -240.966 229.534 287.176
 -287.173 229.534 240.97
 -324.654 229.534 187.443
 -352.271 229.534 128.22
 -369.184 229.534 65.1007
 -374.88 229.534 0
 -369.185 229.534 -65.0933
 -352.273 229.534 -128.213
 -324.658 229.534 -187.436
 -287.178 229.534 -240.965
 -240.972 229.534 -287.172
 -187.444 229.534 -324.653
 -128.221 229.534 -352.27
 -65.1026 229.534 -369.184
 0 229.534 -374.88
 65.0915 229.534 -369.186
 128.211 229.534 -352.274
 187.435 229.534 -324.659
 240.963 229.534 -287.179
 287.17 229.534 -240.973
 324.652 229.534 -187.446
 352.27 229.534 -128.223
 369.183 229.534 -65.1044
 339 182 0
 333.85 182 58.8665
 318.556 182 115.944
 293.583 182 169.5
 259.69 182 217.904
 217.906 182 259.688
 169.501 182 293.582
 115.946 182 318.555
 58.8682 182 333.85
 0 182 339
 -58.8649 182 333.85
 -115.943 182 318.557
 -169.498 182 293.584
 -217.903 182 259.691
 -259.687 182 217.907
 -293.581 182 169.502
 -318.555 182 115.948
 -333.849 182 58.8699
 -339 182 0
 -333.85 182 -58.8632
 -318.557 182 -115.941
 -293.585 182 -169.497
 -259.692 182 -217.902
 -217.908 182 -259.686
 -169.504 182 -293.58
 -115.949 182 -318.554
 -58.8716 182 -333.849
 0 182 -339
 58.8615 182 -333.851
 115.94 182 -318.558
 169.495 182 -293.585
 217.901 182 -259.693
 259.685 182 -217.91
 293.58 182 -169.505
 318.554 182 -115.951
 333.849 182 -58.8732
 4 0 1 37 36
4 1 2 38 37
4 2 3 39 38
4 3 4 40 39
4 4 5 41 40
4 5 6 42 41
4 6 7 43 42
4 7 8 44 43
4 8 9 45 44
4 9 10 46 45
4 10 11 47 46
4 11 12 48 47
4 12 13 49 48
4 13 14 50 49
4 14 15 51 50
4 15 16 52 51
4 16 17 53 52
4 17 18 54 53
4 18 19 55 54
4 19 20 56 55
4 20 21 57 56
4 21 22 58 57
4 22 23 59 58
4 23 24 60 59
4 24 25 61 60
4 25 26 62 61
4 26 27 63 62
4 27 28 64 63
4 28 29 65 64
4 29 30 66 65
4 30 31 67 66
4 31 32 68 67
4 32 33 69 68
4 33 34 70 69
4 34 35 71 70
4 35 0 36 71
4 36 37 73 72
4 37 38 74 73
4 38 39 75 74
4 39 40 76 75
4 40 41 77 76
4 41 42 78 77
4 42 43 79 78
4 43 44 80 79
4 44 45 81 80
4 45 46 82 81
4 46 47 83 82
4 47 48 84 83
4 48 49 85 84
4 49 50 86 85
4 50 51 87 86
4 51 52 88 87
4 52 53 89 88
4 53 54 90 89
4 54 55 91 90
4 55 56 92 91
4 56 57 93 92
4 57 58 94 93
4 58 59 95 94
4 59 60 96 95
4 60 61 97 96
4 61 62 98 97
4 62 63 99 98
4 63 64 100 99
4 64 65 101 100
4 65 66 102 101
4 66 67 103 102
4 67 68 104 103
4 68 69 105 104
4 69 70 106 105
4 70 71 107 106
4 71 36 72 107
4 72 73 109 108
4 73 74 110 109
4 74 75 111 110
4 75 76 112 111
4 76 77 113 112
4 77 78 114 113
4 78 79 115 114
4 79 80 116 115
4 80 81 117 116
4 81 82 118 117
4 82 83 119 118
4 83 84 120 119
4 84 85 121 120
4 85 86 122 121
4 86 87 123 122
4 87 88 124 123
4 88 89 125 124
4 89 90 126 125
4 90 91 127 126
4 91 92 128 127
4 92 93 129 128
4 93 94 130 129
4 94 95 131 130
4 95 96 132 131
4 96 97 133 132
4 97 98 134 133
4 98 99 135 134
4 99 100 136 135
4 100 101 137 136
4 101 102 138 137
4 102 103 139 138
4 103 104 140 139
4 104 105 141 140
4 105 106 142 141
4 106 107 143 142
4 107 72 108 143
4 108 109 145 144
4 109 110 146 145
4 110 111 147 146
4 111 112 148 147
4 112 113 149 148
4 113 114 150 149
4 114 115 151 150
4 115 116 152 151
4 116 117 153 152
4 117 118 154 153
4 118 119 155 154
4 119 120 156 155
4 120 121 157 156
4 121 122 158 157
4 122 123 159 158
4 123 124 160 159
4 124 125 161 160
4 125 126 162 161
4 126 127 163 162
4 127 128 164 163
4 128 129 165 164
4 129 130 166 165
4 130 131 167 166
4 131 132 168 167
4 132 133 169 168
4 133 134 170 169
4 134 135 171 170
4 135 136 172 171
4 136 137 173 172
4 137 138 174 173
4 138 139 175 174
4 139 140 176 175
4 140 141 177 176
4 141 142 178 177
4 142 143 179 178
4 143 108 144 179
4 144 145 181 180
4 145 146 182 181
4 146 147 183 182
4 147 148 184 183
4 148 149 185 184
4 149 150 186 185
4 150 151 187 186
4 151 152 188 187
4 152 153 189 188
4 153 154 190 189
4 154 155 191 190
4 155 156 192 191
4 156 157 193 192
4 157 158 194 193
4 158 159 195 194
4 159 160 196 195
4 160 161 197 196
4 161 162 198 197
4 162 163 199 198
4 163 164 200 199
4 164 165 201 200
4 165 166 202 201
4 166 167 203 202
4 167 168 204 203
4 168 169 205 204
4 169 170 206 205
4 170 171 207 206
4 171 172 208 207
4 172 173 209 208
4 173 174 210 209
4 174 175 211 210
4 175 176 212 211
4 176 177 213 212
4 177 178 214 213
4 178 179 215 214
4 179 144 180 215
4 180 181 217 216
4 181 182 218 217
4 182 183 219 218
4 183 184 220 219
4 184 185 221 220
4 185 186 222 221
4 186 187 223 222
4 187 188 224 223
4 188 189 225 224
4 189 190 226 225
4 190 191 227 226
4 191 192 228 227
4 192 193 229 228
4 193 194 230 229
4 194 195 231 230
4 195 196 232 231
4 196 197 233 232
4 197 198 234 233
4 198 199 235 234
4 199 200 236 235
4 200 201 237 236
4 201 202 238 237
4 202 203 239 238
4 203 204 240 239
4 204 205 241 240
4 205 206 242 241
4 206 207 243 242
4 207 208 244 243
4 208 209 245 244
4 209 210 246 245
4 210 211 247 246
4 211 212 248 247
4 212 213 249 248
4 213 214 250 249
4 214 215 251 250
4 215 180 216 251
4 216 217 253 252
4 217 218 254 253
4 218 219 255 254
4 219 220 256 255
4 220 221 257 256
4 221 222 258 257
4 222 223 259 258
4 223 224 260 259
4 224 225 261 260
4 225 226 262 261
4 226 227 263 262
4 227 228 264 263
4 228 229 265 264
4 229 230 266 265
4 230 231 267 266
4 231 232 268 267
4 232 233 269 268
4 233 234 270 269
4 234 235 271 270
4 235 236 272 271
4 236 237 273 272
4 237 238 274 273
4 238 239 275 274
4 239 240 276 275
4 240 241 277 276
4 241 242 278 277
4 242 243 279 278
4 243 244 280 279
4 244 245 281 280
4 245 246 282 281
4 246 247 283 282
4 247 248 284 283
4 248 249 285 284
4 249 250 286 285
4 250 251 287 286
4 251 216 252 287
4 252 253 289 288
4 253 254 290 289
4 254 255 291 290
4 255 256 292 291
4 256 257 293 292
4 257 258 294 293
4 258 259 295 294
4 259 260 296 295
4 260 261 297 296
4 261 262 298 297
4 262 263 299 298
4 263 264 300 299
4 264 265 301 300
4 265 266 302 301
4 266 267 303 302
4 267 268 304 303
4 268 269 305 304
4 269 270 306 305
4 270 271 307 306
4 271 272 308 307
4 272 273 309 308
4 273 274 310 309
4 274 275 311 310
4 275 276 312 311
4 276 277 313 312
4 277 278 314 313
4 278 279 315 314
4 279 280 316 315
4 280 281 317 316
4 281 282 318 317
4 282 283 319 318
4 283 284 320 319
4 284 285 321 320
4 285 286 322 321
4 286 287 323 322
4 287 252 288 323
4 288 289 325 324
4 289 290 326 325
4 290 291 327 326
4 291 292 328 327
4 292 293 329 328
4 293 294 330 329
4 294 295 331 330
4 295 296 332 331
4 296 297 333 332
4 297 298 334 333
4 298 299 335 334
4 299 300 336 335
4 300 301 337 336
4 301 302 338 337
4 302 303 339 338
4 303 304 340 339
4 304 305 341 340
4 305 306 342 341
4 306 307 343 342
4 307 308 344 343
4 308 309 345 344
4 309 310 346 345
4 310 311 347 346
4 311 312 348 347
4 312 313 349 348
4 313 314 350 349
4 314 315 351 350
4 315 316 352 351
4 316 317 353 352
4 317 318 354 353
4 318 319 355 354
4 319 320 356 355
4 320 321 357 356
4 321 322 358 357
4 322 323 359 358
4 323 288 324 359
4 324 325 361 360
4 325 326 362 361
4 326 327 363 362
4 327 328 364 363
4 328 329 365 364
4 329 330 366 365
4 330 331 367 366
4 331 332 368 367
4 332 333 369 368
4 333 334 370 369
4 334 335 371 370
4 335 336 372 371
4 336 337 373 372
4 337 338 374 373
4 338 339 375 374
4 339 340 376 375
4 340 341 377 376
4 341 342 378 377
4 342 343 379 378
4 343 344 380 379
4 344 345 381 380
4 345 346 382 381
4 346 347 383 382
4 347 348 384 383
4 348 349 385 384
4 349 350 386 385
4 350 351 387 386
4 351 352 388 387
4 352 353 389 388
4 353 354 390 389
4 354 355 391 390
4 355 356 392 391
4 356 357 393 392
4 357 358 394 393
4 358 359 395 394
4 359 324 360 395
